Model: model-1 
 
     Accuracy: 0.2227979302406311
     Loss: 2.2196857929229736
 
     Depth: 3
     NeuronLayers: input 3, 18 relu, 10 softmax 
 
